 -2.500 -2.000 -2.250 0.18967E+06 0.18246E+06 0.19508E+06 0.18850E+06 0.18547E+06 0.19500E+06 0.19120E+06
 -2.000 -1.500 -1.750 0.31710E+06 0.30464E+06 0.32634E+06 0.31538E+06 0.30993E+06 0.32595E+06 0.31984E+06
 -1.500 -1.000 -1.250 0.40655E+06 0.39013E+06 0.41893E+06 0.40494E+06 0.39695E+06 0.41745E+06 0.40968E+06
 -1.000 -0.500 -0.750 0.44885E+06 0.43045E+06 0.46308E+06 0.44781E+06 0.43779E+06 0.46031E+06 0.45168E+06
 -0.500  0.000 -0.250 0.46165E+06 0.44232E+06 0.47675E+06 0.46096E+06 0.44992E+06 0.47338E+06 0.46445E+06
  0.000  0.500  0.250 0.46127E+06 0.44125E+06 0.47668E+06 0.46041E+06 0.44930E+06 0.47191E+06 0.46451E+06
  0.500  1.000  0.750 0.45902E+06 0.43808E+06 0.47452E+06 0.45736E+06 0.44698E+06 0.47183E+06 0.46234E+06
  1.000  1.500  1.250 0.45985E+06 0.43742E+06 0.47534E+06 0.45659E+06 0.44781E+06 0.47252E+06 0.46361E+06
  1.500  2.000  1.750 0.45801E+06 0.43447E+06 0.47310E+06 0.45300E+06 0.44628E+06 0.47181E+06 0.46357E+06
  2.000  2.500  2.250 0.43545E+06 0.41222E+06 0.44918E+06 0.42887E+06 0.42471E+06 0.45007E+06 0.44196E+06
