 -2.500 -2.000 -2.250 0.30749E+06 0.29506E+06 0.31669E+06 0.30582E+06 0.30035E+06 0.31601E+06 0.31005E+06
 -2.000 -1.500 -1.750 0.34803E+06 0.33392E+06 0.35913E+06 0.34704E+06 0.33938E+06 0.35705E+06 0.34998E+06
 -1.500 -1.000 -1.250 0.36496E+06 0.35054E+06 0.37706E+06 0.36501E+06 0.35554E+06 0.37451E+06 0.36694E+06
 -1.000 -0.500 -0.750 0.36990E+06 0.35492E+06 0.38239E+06 0.37007E+06 0.36016E+06 0.37928E+06 0.37162E+06
 -0.500  0.000 -0.250 0.36579E+06 0.35033E+06 0.37820E+06 0.36559E+06 0.35612E+06 0.37496E+06 0.36719E+06
  0.000  0.500  0.250 0.35363E+06 0.33836E+06 0.36566E+06 0.35331E+06 0.34426E+06 0.36306E+06 0.35583E+06
  0.500  1.000  0.750 0.33507E+06 0.32001E+06 0.34647E+06 0.33424E+06 0.32618E+06 0.34433E+06 0.33769E+06
  1.000  1.500  1.250 0.31151E+06 0.29694E+06 0.32208E+06 0.31008E+06 0.30328E+06 0.32016E+06 0.31401E+06
  1.500  2.000  1.750 0.28405E+06 0.27035E+06 0.29359E+06 0.28213E+06 0.27661E+06 0.29238E+06 0.28678E+06
  2.000  2.500  2.250 0.25341E+06 0.24049E+06 0.26172E+06 0.25095E+06 0.24695E+06 0.26129E+06 0.25635E+06
