-5 -2.2 -0.192653 0.0137519 0.0125172 -0.215376 0.0142267 0.0126632 0.00739673 0.00618629 0.00131212 0.000874943
-4 -1.75 -0.0317606 0.00969723 0.0114901 -0.0465022 0.0104237 0.0112376 0.00551397 0.00342843 0.00212504 0.001857
-3 -1.25 0.0586208 0.00713025 0.00848484 0.0539073 0.0072937 0.00860077 0.00412344 0.0036896 0.00162103 0.00247038
-2 -0.75 0.0953951 0.0064876 0.00637997 0.0964275 0.006757 0.00648059 0.00328551 0.00494644 0.00118753 0.00171476
-1 -0.25 0.113847 0.00771929 0.00776661 0.115851 0.00842428 0.0078657 0.00315772 0.00431327 0.001232 0.00074641
1 0.25 0.13243 0.00985518 0.0118106 0.13209 0.0103293 0.00978223 0.00312102 0.00412509 0.000479111 0.00181266
2 0.75 0.16019 0.0123189 0.0114505 0.156091 0.0114783 0.0113296 0.00399949 0.0042605 0.000198663 0.000666047
3 1.25 0.199083 0.0161152 0.0131075 0.19231 0.0117949 0.013749 0.00451028 0.00483694 0.000137754 0.00158318
4 1.75 0.242472 0.0127554 0.0155973 0.234428 0.0119172 0.0152939 0.00477002 0.00517391 0.00126965 0.00255709
5 2.2 0.271569 0.0123073 0.0169384 0.263377 0.0121234 0.0168928 0.00459138 0.00485808 0.00194463 0.0027416
