-6 -3.465 -0.580 0.0147 0.0147 -0.590 0.016 0.016 0 0 0 0
-5 -2.965 -0.1175 0 0 -0.1385 0 0 0 0 0 0
-4 -2.465 0.0256 0 0 0.0154 0 0 0 0 0 0
-3 -1.965 0.0865 0 0 0.0865 0 0 0 0 0 0
-2 -1.465 0.1092 0 0 0.1111 0 0 0 0 0 0
-1 -0.965 0.1229 0 0 0.1243 0 0 0 0 0 0
0 -0.465 0.1431 0 0 0.1409 0 0 0 0 0 0
1 0.035 0.1759 0 0 0.198 0 0 0 0 0 0
2 0.535 0.2204 0 0 0.2115 0 0 0 0 0 0
3 1.035 0.2635 0 0 0.2538 0 0 0 0 0 0
4 1.535 0.2775 0 0 0.2697 0 0 0 0 0 0
5 2.035 0.2239 0 0 0.2179 0 0 0 0 0 0
6 2.535 0.159 0.0228 0.0228 0.155 0.0229 0.0229 0 0 0 0
