W^{+} #rightarrow e^{+}
-2.5 -2.0 -1.5 -1 -0.5 0 0.5 1 1.5 2.0 2.5
849.33 831.35 924.46 1221.46 1252.73 1179.83 1102.85 805.87 468.65 372.56
37 31 32 37 37 36 36 31 23 21
1458.12 1533.67 1539.83 1537.05 1544.58 1545.85 1502.99 1361.35 1061.82 635.118
37 31 32 37 37 36 36 31 23 21
0.5684 0.5003 0.6493 0.7753 0.7680 0.7981 0.7781 0.6396 0.5059 0.6034
0.0043 0.0027 0.0039 0.0056 0.0056 0.006 0.0052 0.0036 0.0026 0.0035
1.000 1.000 1.00051 1.00051 1.00051 1.00033 1.00033 1.00033 1.000 1.00
0.000 0.000 0.00014 0.00014 0.00014 0.000114 0.000114 0.000114 0.000 0.000 
0.952 0.952 0.9575 0.9575 0.9575 0.9819 0.9819 0.9819 0.9819 0.9819
0.0178 0.0178 0.0112 0.0112 0.0112 0.0075 0.0075 0.0075 0.021 0.021
0.9075 0.9075 0.8646 0.8646 0.8646 0.8889 0.8889 0.8889 0.9678 0.9678
0.0224 0.0224 0.0293 0.0293 0.0293 0.0252 0.0252 0.0252 0.0618 0.0618
1.000 1.000 1.000 1.000 1.000 1.000 1.000 1.000 1.000 1.000
-0.008 -0.015 -0.010 -0.015 -0.015 -0.017 -0.020 -0.021 -0.020 -0.038
0.93 0.93 0.93 0.93 0.93 0.93 0.93 0.93 0.93 0.93
0.00 0.00 0.00 0.00 0.00 0.00 0.00 0.00 0.00 0.00
