W^{-} #rightarrow #e^{-}
-2.5 -2.0 -1.5 -1 -0.5 0 0.5 1 1.5 2.0 2.5
521.52 472.35 626.55 890.48 928.74 933.83 926.85 681.86 545.67 585.58
24 24 26 32 32 32 32 27 25 26
848.554 951.154 1043.1 1122 1184.15 1224.86 1238.63 1222.08 1165.39 1029.64
30 25 28 32 32 32 32 32 26 26
0.5807 0.4919 0.5946 0.7875 0.7909 0.7815 0.7801 0.5827 0.4798 0.5646
0.0053 0.0054 0.0049 0.0044 0.0043 0.0044 0.0044 0.0048 0.0050 0.0053
0.7362 0.9365 0.9442 0.9057 0.9343 0.9211 0.8650 0.9344 0.9769 0.8840
-0.0650 -0.0560 -0.0416 -0.0328 -0.0306 -0.0338 -0.0289 -0.0453 -0.0627 -0.0611
1.000 1.000 1.000 1.000 1.000 1.000 1.000 1.000 1.000 1.000
0.0065 0.009 0.006 0.0095 0.007 0.011 0.0095 0.0055 0.0055 0.0075
1.000 1.000 1.000 1.000 1.000 1.000 1.000 1.000 1.000 1.000
0.039 0.022 0.014 0.005 0.031 0.020 0.015 0.010 0.021 0.028
1.000 1.000 1.000 1.000 1.000 1.000 1.000 1.000 1.000 1.000
0.0008 0.0006 0.0002 0.0001 0.0001 0.0001 0.0001 0.0001 0.0002 0.0005
0.962 0.962 0.962 0.962 0.962 0.962 0.962 0.962 0.962 0.962
-0.005 -0.005 -0.005 -0.005 -0.005 -0.005 -0.005 -0.005 -0.005 -0.005
0.997 0.997 0.997 0.997 0.997 0.997 0.997 0.997 0.997 0.997
0 0 0 0 0 0 0 0 0 0
