W^{-} #rightarrow #e^{-}
-2.4 -2.0 -1.5 -1 -0.5 0 0.5 1 1.5 2.0 2.4
456.42 501.51 719.81 988.89 1008.93 1043.92 1052.90 775.96 627.19 564.15
23 25 29 34 34 34 35 30 28 26
848.554 951.154 1043.1 1122 1184.15 1224.86 1238.63 1222.08 1165.39 1029.64
30 25 28 32 32 32 32 32 26 26
0.6359 0.5274 0.6316 0.8408 0.8429 0.8431 0.8394 0.6311 0.5322 0.6258
0.0061 0.0055 0.0050 0.0045 0.0043 0.0044 0.0044 0.0048 0.0051 0.0061
0.8365 1.0411 0.9726 0.9576 0.9804 0.9179 0.9367 0.9304 0.9560 0.9664
0.0623 0.0616 0.0538 0.0356 0.0253 0.0326 0.0327 0.0441 0.0544 0.0566
1.000 1.000 1.000 1.000 1.000 1.000 1.000 1.000 1.000 1.000
0.0065 0.009 0.006 0.0095 0.007 0.011 0.0095 0.0055 0.0055 0.0075
1.000 1.000 1.000 1.000 1.000 1.000 1.000 1.000 1.000 1.000
0.039 0.022 0.014 0.005 0.031 0.020 0.015 0.010 0.021 0.028
1.000 1.000 1.000 1.000 1.000 1.000 1.000 1.000 1.000 1.000
0.0008 0.0006 0.0002 0.0001 0.0001 0.0001 0.0001 0.0001 0.0002 0.0005
0.962 0.962 0.962 0.962 0.962 0.962 0.962 0.962 0.962 0.962
-0.005 -0.005 -0.005 -0.005 -0.005 -0.005 -0.005 -0.005 -0.005 -0.005
0.997 0.997 0.997 0.997 0.997 0.997 0.997 0.997 0.997 0.997
0 0 0 0 0 0 0 0 0 0
1.000 1.000 1.000 1.000 1.000 1.000 1.000 1.000 1.000 1.000
0.037 0.035 0.030 0.026 0.022 0.023 0.023 0.022 0.019 0.018
