W^{-} #rightarrow #e^{-}
-2.5 -2.0 -1.5 -1 -0.5 0 0.5 1 1.5 2.0 2.5
483.67 497.65 657.54 884.54 912.27 936.17 911.15 757.13 575.35 571.44
30 25 28 32 32 32 32 32 26 26
848.554 951.154 1043.1 1122 1184.15 1224.86 1238.63 1222.08 1165.39 1029.64 
30 25 28 32 32 32 32 32 26 26
0.5536 0.5137 0.6416 0.7861 0.8064 0.7864 0.7821 0.6420 0.5100 0.5818
0.0037 0.0031 0.0037 0.0054 0.0050 0.0055 0.0055 0.0040 0.0035 0.0044
1.000 1.000 1.00035 1.00035 1.00035 0.9971 0.9971 0.9971 1.000 1.000
0.000 0.000 0.0001 0.0001 0.0001 0.0033 0.0033 0.0033 0.000 0.000
0.9606 0.9606 0.9814 0.9814 0.9814 0.9826 0.9826 0.9826 0.9637 0.9637
0.018 0.018 0.0087 0.0087 0.0087 0.0091 0.0091 0.0091 0.0174 0.0174
0.8816 0.8816 0.8860 0.8860 0.8860 0.9036 0.9036 0.9036 0.8683 0.8683
0.0590 0.0590 0.0280 0.0280 0.0280 0.0267 0.0267 0.0267 0.0578 0.0578
1.000 1.000 1.000 1.000 1.000 1.000 1.000 1.000 1.000 1.000
-0.039 -0.022 -0.014 -0.005 -0.031 -0.020 -0.015 -0.010 -0.021 -0.028
0.93 0.93 0.93 0.93 0.93 0.93 0.93 0.93 0.93 0.93
0.00 0.00 0.00 0.00 0.00 0.00 0.00 0.00 0.00 0.00
