W^{+} #rightarrow e^{+}
-2.4 -2.0 -1.5 -1 -0.5 0 0.5 1 1.5 2.0 2.4
759.58 880.49 955.19 1360.11 1360.07 1315.08 1314.10 836.04 517.81 381.85
30 32 34 38 37 38 39 31 25 21
1458.12 1533.67 1539.83 1537.05 1544.58 1545.85 1502.99 1361.35 1061.82 635.118
37 31 32 37 37 36 36 31 23 21
0.6310 0.5338 0.6209 0.8355 0.8416 0.8436 0.8438 0.6410 0.5098 0.6400
0.0047 0.0043 0.0043 0.0043 0.0045 0.0047 0.0044 0.0045 0.0053 0.0066
0.8365 1.0411 0.9692 0.9542 0.9770 0.9209 0.9397 0.9334 0.9560 0.9664
0.0623 0.0616 0.0536 0.0355 0.0252 0.0326 0.0327 0.0441 0.0544 0.0566
1.000 1.000 1.000 1.000 1.000 1.000 1.000 1.000 1.000 1.000
0.0185 0.008 0.0135 0.008 0.0075 0.011 0.012 0.0085 0.011 0.0145
1.000 1.000 1.000 1.000 1.000 1.000 1.000 1.000 1.000 1.000
0.008 0.015 0.010 0.015 0.0151 0.017 0.020 0.021 0.020 0.038
1.000 1.000 1.000 1.000 1.000 1.000 1.000 1.000 1.000 1.000
0.0005 0.0004 0.0001 0.0001 0.0001 0.0001 0.0001 0.0001 0.0002 0.0007
0.962 0.962 0.962 0.962 0.962 0.962 0.962 0.962 0.962 0.962
-0.005 -0.005 -0.005 -0.005 -0.005 -0.005 -0.005 -0.005 -0.005 -0.005
0.997 0.997 0.997 0.997 0.997 0.997 0.997 0.997 0.997 0.997
0 0 0 0 0 0 0 0 0 0
1.000 1.000 1.000 1.000 1.000 1.000 1.000 1.000 1.000 1.000
0.020 0.019 0.018 0.017 0.017 0.017 0.017 0.020 0.020 0.026
