W^{+} #rightarrow e^{+}
-2.5 -2.0 -1.5 -1 -0.5 0 0.5 1 1.5 2.0 2.5
850.66 839.29 898.49 1195.48 1243.74 1152.84 1093.85 756.90 459.67 383.42
32 31 32 37 37 36 35 29 23 21
1458.12 1533.67 1539.83 1537.05 1544.58 1545.85 1502.99 1361.35 1061.82 635.118
37 31 32 37 37 36 36 31 23 21
0.5882 0.5294 0.6156 0.7804 0.7871 0.7875 0.7806 0.6303 0.5039 0.5970
0.0056 0.0055 0.0058 0.0066 0.0070 0.0067 0.0065 0.0062 0.0069 0.0088
0.869 0.825 0.925 0.859 0.853 0.897 0.918 0.955 1.128 0.803
0.0924 0.0802 0.0583 0.0504 0.0515 0.0418 0.0456 0.0520 0.0844 0.101
1.000 1.000 1.000 1.000 1.000 1.000 1.000 1.000 1.000 1.000
0.0185 0.008 0.0135 0.008 0.0075 0.011 0.012 0.0085 0.011 0.0145
1.000 1.000 1.000 1.000 1.000 1.000 1.000 1.000 1.000 1.000
0.008 0.015 0.010 0.015 0.0151 0.017 0.020 0.021 0.020 0.038
1.000 1.000 1.000 1.000 1.000 1.000 1.000 1.000 1.000 1.000
0.0005 0.0004 0.0001 0.0001 0.0001 0.0001 0.0001 0.0001 0.0002 0.0007
0.962 0.962 0.962 0.962 0.962 0.962 0.962 0.962 0.962 0.962 
-0.005 -0.005 -0.005 -0.005 -0.005 -0.005 -0.005 -0.005 -0.005 -0.005 
0.997 0.997 0.997 0.997 0.997 0.997 0.997 0.997 0.997 0.997 
0 0 0 0 0 0 0 0 0 0
