W^{+} #rightarrow e^{+}
-2.5 -2.0 -1.5 -1 -0.5 0 0.5 1 1.5 2.0 2.5
866.48 808.65 850.45 1215.52 1253.26 1170.17 1110.15 733.14 433.33 380.42
31 29 31 36 36 36 35 27 21 20
1458.12 1533.67 1539.83 1537.05 1544.58 1545.85 1502.99 1361.35 1061.82 635.118
37 31 32 37 37 36 36 31 23 21
0.5765 0.4894 0.5876 0.7812 0.7878 0.7860 0.7801 0.5987 0.4630 0.5968
0.0041 0.0042 0.0042 0.0042 0.0044 0.0046 0.0044 0.0045 0.0051 0.0060
0.7735 0.9625 0.9189 0.9221 0.9456 0.9353 0.8780 0.9522 0.9798 0.9266
-0.0698 -0.0568 -0.0422 -0.0336 -0.0311 -0.0333 -0.0330 -0.0451 -0.0620 -0.0633
1.000 1.000 1.000 1.000 1.000 1.000 1.000 1.000 1.000 1.000
0.0185 0.008 0.0135 0.008 0.0075 0.011 0.012 0.0085 0.011 0.0145
1.000 1.000 1.000 1.000 1.000 1.000 1.000 1.000 1.000 1.000
0.008 0.015 0.010 0.015 0.0151 0.017 0.020 0.021 0.020 0.038
1.000 1.000 1.000 1.000 1.000 1.000 1.000 1.000 1.000 1.000
0.0005 0.0004 0.0001 0.0001 0.0001 0.0001 0.0001 0.0001 0.0002 0.0007
0.962 0.962 0.962 0.962 0.962 0.962 0.962 0.962 0.962 0.962
-0.005 -0.005 -0.005 -0.005 -0.005 -0.005 -0.005 -0.005 -0.005 -0.005
0.997 0.997 0.997 0.997 0.997 0.997 0.997 0.997 0.997 0.997
0 0 0 0 0 0 0 0 0 0
