W^{+} #rightarrow e^{+}
-2.5 -2.0 -1.5 -1 -0.5 0 0.5 1 1.5 2.0 2.5
841.58 837.29 923.48 1208.48 1247.74 1163.83 1102.85 789.86 458.66 377.46
32 31 33 37 37 36 35 30 23 21
1458.12 1533.67 1539.83 1537.05 1544.58 1545.85 1502.99 1361.35 1061.82 635.118
37 31 32 37 37 36 36 31 23 21
0.5833 0.5254 0.6341 0.7824 0.7895 0.7877 0.7840 0.6497 0.5004 0.5900
0.0056 0.0056 0.0057 0.0066 0.0070 0.0067 0.0064 0.0060 0.0069 0.0089
0.867 0.867 0.883 0.883 0.883 0.913 0.913 0.913 0.991 0.991
0.066 0.066 0.038 0.038 0.038 0.028 0.028 0.028 0.074 0.074
1.000 1.000 1.000 1.000 1.000 1.000 1.000 1.000 1.000 1.000
0.0185 0.008 0.0135 0.008 0.0075 0.011 0.012 0.0085 0.011 0.0145
1.000 1.000 1.000 1.000 1.000 1.000 1.000 1.000 1.000 1.000
0.008 0.015 0.010 0.015 0.0151 0.017 0.020 0.021 0.020 0.038
1.000 1.000 1.000 1.000 1.000 1.000 1.000 1.000 1.000 1.000
0.0005 0.0004 0.0001 0.0001 0.0001 0.0001 0.0001 0.0001 0.0002 0.0007
0.962 0.962 0.962 0.962 0.962 0.962 0.962 0.962 0.962 0.962 
-0.005 -0.005 -0.005 -0.005 -0.005 -0.005 -0.005 -0.005 -0.005 -0.005 
0.997 0.997 0.997 0.997 0.997 0.997 0.997 0.997 0.997 0.997 
0 0 0 0 0 0 0 0 0 0
