W^{-} #rightarrow #e^{-}
-2.5 -2.0 -1.5 -1 -0.5 0 0.5 1 1.5 2.0 2.5
510.42 469 618 884.52 920.26 926.17 917.15 692 542 563.54
25 24 26 32 32 32 32 20 18 26
848.554 951.154 1043.1 1122 1184.15 1224.86 1238.63 1222.08 1165.39 1029.64
30 25 28 32 32 32 32 32 26 26
0.5735 0.4866 0.5837 0.7886 0.7867 0.7978 0.7856 0.5792 0.4832 0.5632
0.0074 0.0072 0.0067 0.0067 0.0064 0.0060 0.0066 0.0068 0.0078 0.0075
0.8734 0.9996 0.9314 0.8843 0.9259 0.9199 0.9007 0.9287 0.9980 0.9004
-0.0491 -0.0440 -0.0301 -0.0249 -0.0256 -0.0239 -0.0242 -0.0292 -0.0437 -0.0511
1.000 1.000 1.000 1.000 1.000 1.000 1.000 1.000 1.000 1.000
0.0065 0.009 0.006 0.0095 0.007 0.011 0.0095 0.0055 0.0055 0.0075
1.000 1.000 1.000 1.000 1.000 1.000 1.000 1.000 1.000 1.000
0.039 0.022 0.014 0.005 0.031 0.020 0.015 0.010 0.021 0.028
1.000 1.000 1.000 1.000 1.000 1.000 1.000 1.000 1.000 1.000
0.0008 0.0006 0.0002 0.0001 0.0001 0.0001 0.0001 0.0001 0.0002 0.0005
0.962 0.962 0.962 0.962 0.962 0.962 0.962 0.962 0.962 0.962
-0.005 -0.005 -0.005 -0.005 -0.005 -0.005 -0.005 -0.005 -0.005 -0.005
0.997 0.997 0.997 0.997 0.997 0.997 0.997 0.997 0.997 0.997
0 0 0 0 0 0 0 0 0 0
