W^{-} #rightarrow #e^{-}
-2.5 -2.0 -1.6 -1.4 -1 -0.5 0 0.5 1 1.4 1.6 2.0 2.5
510.42 469 0 618 884.52 920.26 926.17 917.15 692 0 542 563.54
25 24 0 26 32 32 32 32 20 0 18 26
848.554 951.154 1043.1 1122 1184.15 1224.86 1238.63 1222.08 1165.39 1029.64 1 1
30 25 28 32 32 32 32 32 26 26 0 0
0.5736 0.6142 1 0.7349 0.7905 0.7885 0.8004 0.7878 0.7278 1 0.5987 0.5655
0.0073 0.0075 0 0.0068 0.0066 0.0063 0.0059 0.0065 0.0071 0 0.0075 0.0074
0.8734 0.9996 1 0.9314 0.8843 0.9259 0.9199 0.9007 0.9287 1 0.9980 0.9004
0.0491 0.0440 0 0.0301 0.0249 0.0256 0.0239 0.0242 0.0292 0 0.0437 0.0511
1.000 1.000 1 1.000 1.000 1.000 1.000 1.000 1.000 1 1.000 1.000
0.0065 0.009 0 0.006 0.0095 0.007 0.011 0.0095 0.0055 0 0.0055 0.0075
1.000 1.000 1 1.000 1.000 1.000 1.000 1.000 1.000 1 1.000 1.000
0.039 0.022 0 0.014 0.005 0.031 0.020 0.015 0.010 0 0.021 0.028
1.000 1.000 1 1.000 1.000 1.000 1.000 1.000 1.000 1 1.000 1.000
0.0008 0.0006 0 0.0002 0.0001 0.0001 0.0001 0.0001 0.0001 0 0.0002 0.0005
0.962 0.962 0.962 0.962 0.962 0.962 0.962 0.962 0.962 0.962 0.962 0.962
-0.005 -0.005 -0.005 -0.005 -0.005 -0.005 -0.005 -0.005 -0.005 -0.005 -0.005 -0.005
0.997 0.997 0.997 0.997 0.997 0.997 0.997 0.997 0.997 0.997 0.997 0.997
0 0 0 0 0 0 0 0 0 0 0 0
