W^{+} #rightarrow e^{+}
-2.5 -2.0 -1.5 -1 -0.5 0 0.5 1 1.5 2.0 2.5
788.61 779.42 821.17 1204.10 1247.07 1157.07 1097.09 713.04 414.83 344.84
31 30 30 36 36 36 35 28 21 19
1458.12 1533.67 1539.83 1537.05 1544.58 1545.85 1502.99 1361.35 1061.82 635.118
37 31 32 37 37 36 36 31 23 21
0.5381 0.4725 0.5718 0.7748 0.7851 0.7822 0.7735 0.5869 0.4485 0.5515
0.0043 0.0042 0.0042 0.0042 0.0044 0.0046 0.0044 0.0044 0.0052 0.0065
0.7608 0.9476 0.9404 0.9162 0.9267 0.9198 0.8546 0.9121 0.9541 0.8798
0.0 0.0 0.0 0.0 0.0 0.0 0.0 0.0 0.0 0.0
1.000 1.000 1.000 1.000 1.000 1.000 1.000 1.000 1.000 1.000
0.0210 0.0211 0.0210 0.0211 0.0210 0.0211 0.0210 0.0211 0.0210 0.0211
1.000 1.000 1.000 1.000 1.000 1.000 1.000 1.000 1.000 1.000
0.0185 0.008 0.0135 0.008 0.0075 0.011 0.012 0.0085 0.011 0.0145
1.000 1.000 1.000 1.000 1.000 1.000 1.000 1.000 1.000 1.000
0.008 0.015 0.010 0.015 0.0151 0.017 0.020 0.021 0.020 0.038
1.000 1.000 1.000 1.000 1.000 1.000 1.000 1.000 1.000 1.000
0.0005 0.0004 0.0001 0.0001 0.0001 0.0001 0.0001 0.0001 0.0002 0.0007
0.962 0.962 0.962 0.962 0.962 0.962 0.962 0.962 0.962 0.962
-0.005 -0.005 -0.005 -0.005 -0.005 -0.005 -0.005 -0.005 -0.005 -0.005
0.997 0.997 0.997 0.997 0.997 0.997 0.997 0.997 0.997 0.997
0 0 0 0 0 0 0 0 0 0
1.000 1.000 1.000 1.000 1.000 1.000 1.000 1.000 1.000 1.000
0.020 0.019 0.018 0.017 0.017 0.017 0.017 0.020 0.020 0.026
