W^{+} #rightarrow e^{+}
-2.5 -2.0 -1.6 -1.4 -1 -0.5 0 0.5 1 1.4 1.6 2.0 2.5
841.58 789 0 840 1208.48 1247.74 1163.83 1102.85 747 0 438 377.46
32 30 0 31 37 37 36 35 29 0 22 21
1458.12 1533.67 1539.83 1537.05 1544.58 1545.85 1502.99 1361.35 1061.82 635.118 0 0
37 31 32 37 37 36 36 31 23 21 0 0
0.5833 0.6117 1 0.7370 0.7824 0.7895 0.7877 0.7840 0.7355 1 0.6037 0.5900
0.0056 0.0067 0 0.0068 0.0066 0.0070 0.0067 0.0064 0.0066 0 0.0066 0.0089
0.8734 0.9996 1 0.9314 0.8843 0.9259 0.9199 0.9007 0.9287 1 0.9980 0.9004
0.0491 0.0440 0 0.0301 0.0249 0.0256 0.0239 0.0242 0.0292 0 0.0437 0.0511
1.000 1.000 1 1.000 1.000 1.000 1.000 1.000 1.000 1 1.000 1.000
0.0185 0.008 0 0.0135 0.008 0.0075 0.011 0.012 0.0085 0 0.011 0.0145
1.000 1.000 1 1.000 1.000 1.000 1.000 1.000 1.000 1 1.000 1.000
0.008 0.015 0 0.010 0.015 0.0151 0.017 0.020 0.021 0 0.020 0.038
1.000 1.000 1 1.000 1.000 1.000 1.000 1.000 1.000 1 1.000 1.000
0.0005 0.0004 0 0.0001 0.0001 0.0001 0.0001 0.0001 0.0001 0 0.0002 0.0007
0.962 0.962 0.962 0.962 0.962 0.962 0.962 0.962 0.962 0.962 0.962 0.962 
-0.005 -0.005 -0.005 -0.005 -0.005 -0.005 -0.005 -0.005 -0.005 -0.005 -0.005 -0.005 
0.997 0.997 0.997 0.997 0.997 0.997 0.997 0.997 0.997 0.997 0.997 0.997
0 0 0 0 0 0 0 0 0 0 0 0
