W^{+} #rightarrow e^{+}
-2.5 -2.0 -1.5 -1 -0.5 0 0.5 1 1.5 2.0 2.5
849.33 831.35 924.46 1221.46 1252.73 1179.83 1102.85 805.87 468.65 372.56
37 31 32 37 37 36 36 31 23 21
1458.12 1533.67 1539.83 1537.05 1544.58 1545.85 1502.99 1361.35 1061.82 635.118
37 31 32 37 37 36 36 31 23 21
0.5867 0.5141 0.6404 0.7865 0.7806 0.7856 0.7669 0.6485 0.4921 0.5850
0.0049 0.0040 0.0054 0.0078 0.0082 0.0080 0.0074 0.0051 0.0035 0.0058
0.867 0.867 0.883 0.883 0.883 0.913 0.913 0.913 0.991 0.991
0.066 0.066 0.038 0.038 0.038 0.028 0.028 0.028 0.074 0.074
1.000 1.000 1.000 1.000 1.000 1.000 1.000 1.000 1.000 1.000
0.0185 0.008 0.0135 0.008 0.0075 0.011 0.012 0.0085 0.011 0.0145
1.000 1.000 1.000 1.000 1.000 1.000 1.000 1.000 1.000 1.000
0.008 0.015 0.010 0.015 0.0151 0.017 0.020 0.021 0.020 0.038
1.000 1.000 1.000 1.000 1.000 1.000 1.000 1.000 1.000 1.000
0.0005 0.0004 0.0001 0.0001 0.0001 0.0001 0.0001 0.0001 0.0002 0.0007
0.962 0.962 0.962 0.962 0.962 0.962 0.962 0.962 0.962 0.962 
-0.005 -0.005 -0.005 -0.005 -0.005 -0.005 -0.005 -0.005 -0.005 -0.005 
0.997 0.997 0.997 0.997 0.997 0.997 0.997 0.997 0.997 0.997 
0 0 0 0 0 0 0 0 0 0
