W^{-} #rightarrow #e^{-}
-2.5 -2.0 -1.5 -1 -0.5 0 0.5 1 1.5 2.0 2.5
483.67 497.65 657.54 884.54 912.27 936.17 911.15 757.13 575.35 571.44
30 25 28 32 32 32 32 32 26 26
848.554 951.154 1043.1 1122 1184.15 1224.86 1238.63 1222.08 1165.39 1029.64 
30 25 28 32 32 32 32 32 26 26
0.5722 0.5240 0.6550 0.7856 0.7916 0.8011 0.7826 0.6286 0.4997 0.5631
0.0049 0.0045 0.0056 0.0075 0.0075 0.0073 0.0077 0.0053 0.0048 0.0063
0.788 1.0844 0.944 0.817 0.944 0.931 0.961 0.874 0.843 1.035
0.0924 0.0866 0.0607 0.0469 0.0468 0.0454 0.0474 0.0567 0.080 0.0985
1.000 1.000 1.000 1.000 1.000 1.000 1.000 1.000 1.000 1.000
0.0065 0.009 0.006 0.0095 0.007 0.011 0.0095 0.0055 0.0055 0.0075
1.000 1.000 1.000 1.000 1.000 1.000 1.000 1.000 1.000 1.000
0.039 0.022 0.014 0.005 0.031 0.020 0.015 0.010 0.021 0.028
1.000 1.000 1.000 1.000 1.000 1.000 1.000 1.000 1.000 1.000
0.0008 0.0006 0.0002 0.0001 0.0001 0.0001 0.0001 0.0001 0.0002 0.0005
0.962 0.962 0.962 0.962 0.962 0.962 0.962 0.962 0.962 0.962 
-0.005 -0.005 -0.005 -0.005 -0.005 -0.005 -0.005 -0.005 -0.005 -0.005 
0.997 0.997 0.997 0.997 0.997 0.997 0.997 0.997 0.997 0.997 
0 0 0 0 0 0 0 0 0 0
