W^{-} #rightarrow #e^{-}
-2.5 -2.0 -1.5 -1 -0.5 0 0.5 1 1.5 2.0 2.5
592 484 770 918 1011 1216 1019 851 628 749
41 41 47 61 64 55 64 48 40 42
848.554 951.154 1043.1 1122 1184.15 1224.86 1238.63 1222.08 1165.39 1029.64
30 25 28 32 32 32 32 32 26 26
0.6850 0.5944 0.6880 0.8992 0.9000 0.8923 0.8942 0.6858 0.6042 0.6826
0.0053 0.0054 0.0049 0.0044 0.0043 0.0044 0.0044 0.0048 0.0050 0.0053
0.8514 1.0241 0.9658 1.0084 1.0290 0.9691 0.9820 1.0059 0.9914 1.0556
-0.0620 -0.0440 -0.0329 -0.0252 -0.0216 -0.0257 -0.0238 -0.0346 -0.0466 -0.0490
1.000 1.000 1.000 1.000 1.000 1.000 1.000 1.000 1.000 1.000
0.0065 0.009 0.006 0.0095 0.007 0.011 0.0095 0.0055 0.0055 0.0075
1.000 1.000 1.000 1.000 1.000 1.000 1.000 1.000 1.000 1.000
0.039 0.022 0.014 0.005 0.031 0.020 0.015 0.010 0.021 0.028
1.000 1.000 1.000 1.000 1.000 1.000 1.000 1.000 1.000 1.000
0.0008 0.0006 0.0002 0.0001 0.0001 0.0001 0.0001 0.0001 0.0002 0.0005
0.962 0.962 0.962 0.962 0.962 0.962 0.962 0.962 0.962 0.962
-0.005 -0.005 -0.005 -0.005 -0.005 -0.005 -0.005 -0.005 -0.005 -0.005
0.997 0.997 0.997 0.997 0.997 0.997 0.997 0.997 0.997 0.997
0 0 0 0 0 0 0 0 0 0
