W^{+} #rightarrow #mu^{+}
-2.4 -2.0 -1.5 -1 -0.5 0 0.5 1 1.5 2.0 2.4
843 1307 1405 1465 1414 1337 1469 1167 882 371
29 37 38 40 39 38 40 35 30 19
1179.62 1533.67 1539.83 1537.05 1544.58 1545.85 1502.99 1361.35 1061.82 542.41
29 40 39 40 39 38 39 35 31 20
0.5922 0.7905 0.8442 0.8919 0.8751 0.8760 0.8872 0.8389 0.8061 0.6029
0.0080 0.0060 0.0055 0.0048 0.0052 0.0053 0.0051 0.0060 0.0073 0.0123
0.991 0.920 0.977 0.974 0.852 0.932 1.014 0.961 1.052 1.075
0.074 0.044 0.029 0.023 0.031 0.027 0.020 0.032 0.036 0.071
1.000 1.000 1.000 1.000 1.000 1.000 1.000 1.000 1.000 1.000
0.003 0.013 0.002 0.004 0.006 0.0061 0.007 0.005 0.007 0.001
1.000 1.000 1.000 1.000 1.000 1.000 1.000 1.000 1.000 1.000
0.0056 0.0030 0.0072 0.0046 0.0051 0.0053 0.0056 0.0088 0.0043 0.0059
0.962 0.962 0.962 0.962 0.962 0.962 0.962 0.962 0.962 0.962 
-0.005 -0.005 -0.005 -0.005 -0.005 -0.005 -0.005 -0.005 -0.005 -0.005 
1.000 1.000 1.000 1.000 1.000 1.000 1.000 1.000 1.000 1.000
0.016 0.016 0.015 0.013 0.011 0.012 0.013 0.014 0.018 0.020
