W^{-} #rightarrow #mu^{-}
-2.4 -2.0 -1.5 -1 -0.5 0 0.5 1 1.5 2.0 2.4
366 607 681 736 778 783 844 793 685 436
20 25 26 27 28 28 29 28 26 21
687.791 951.154 1043.1 1122 1184.15 1224.86 1238.63 1222.08 1165.39 840.19
24 32 33 33 34 34 35 34 32 25
0.4272 0.57546 0.59276 0.62488 0.61822 0.62874 0.63734 0.59562 0.57044 0.41886
0.0111 0.0077 0.0070 0.0060 0.0060 0.0059 0.0056 0.0069 0.0074 0.0105
1.040 1.024 0.984 0.886 0.924 0.922 0.959 0.934 0.872 1.042
0.074 0.039 0.029 0.031 0.029 0.025 0.025 0.031 0.042 0.074
1.000 1.000 1.000 1.000 1.000 1.000 1.000 1.000 1.000 1.000
0.007 0.020 0.015 0.003 0.004 0.007 0.004 0.006 0.005 0.007
1.000 1.000 1.000 1.000 1.000 1.000 1.000 1.000 1.000 1.000
0.0056 0.0030 0.0072 0.0046 0.0051 0.0053 0.0056 0.0088 0.0043 0.0059
0.962 0.962 0.962 0.962 0.962 0.962 0.962 0.962 0.962 0.962 
-0.005 -0.005 -0.005 -0.005 -0.005 -0.005 -0.005 -0.005 -0.005 -0.005 
