W^{+} #rightarrow #mu^{+}
-2.4 -2.0 -1.5 -1 -0.5 0 0.5 1 1.5 2.0 2.4
843 1307 1405 1465 1414 1337 1469 1167 882 371
29 37 38 40 39 38 40 35 30 19
1179.62 1533.67 1539.83 1537.05 1544.58 1545.85 1502.99 1361.35 1061.82 542.41
29 40 39 40 39 38 39 35 31 20
0.5872 0.7861 0.8394 0.8896 0.8726 0.8733 0.8830 0.8344 0.8011 0.5999
0.0080 0.0060 0.0055 0.0049 0.0053 0.0053 0.0051 0.0061 0.0074 0.0124
1.020 0.942 0.972 0.953 0.866 0.942 0.990 0.961 0.974 1.085
0.070 0.038 0.024 0.019 0.023 0.020 0.017 0.025 0.030 0.065
1.000 1.000 1.000 1.000 1.000 1.000 1.000 1.000 1.000 1.000
0.003 0.013 0.002 0.004 0.006 0.0061 0.007 0.005 0.007 0.001
1.000 1.000 1.000 1.000 1.000 1.000 1.000 1.000 1.000 1.000
0.0056 0.0030 0.0072 0.0046 0.0051 0.0053 0.0056 0.0088 0.0043 0.0059
0.962 0.962 0.962 0.962 0.962 0.962 0.962 0.962 0.962 0.962 
-0.005 -0.005 -0.005 -0.005 -0.005 -0.005 -0.005 -0.005 -0.005 -0.005 
