W^{-} #rightarrow #mu^{-}
-2.4 -2.0 -1.5 -1 -0.5 0 0.5 1 1.5 2.0 2.4
537 958 1056 1184 1256 1206 1242 1225 1084 664
26 37 40 43 45 44 42 41 37 28
687.791 951.154 1043.1 1122 1184.15 1224.86 1238.63 1222.08 1165.39 840.19
24 32 33 33 34 34 35 34 32 25
0.6283 0.8411 0.8820 0.9332 0.9264 0.9301 0.9386 0.8770 0.8444 0.6240
0.0111 0.0077 0.0070 0.0060 0.0060 0.0059 0.0056 0.0069 0.0074 0.0105
1.072 1.032 1.009 0.914 1.004 0.942 0.994 0.960 0.925 1.058
0.074 0.039 0.029 0.031 0.029 0.025 0.025 0.031 0.042 0.074
1.000 1.000 1.000 1.000 1.000 1.000 1.000 1.000 1.000 1.000
0.007 0.020 0.015 0.003 0.004 0.007 0.004 0.006 0.005 0.007
1.000 1.000 1.000 1.000 1.000 1.000 1.000 1.000 1.000 1.000
0.0056 0.0030 0.0072 0.0046 0.0051 0.0053 0.0056 0.0088 0.0043 0.0059
0.962 0.962 0.962 0.962 0.962 0.962 0.962 0.962 0.962 0.962 
-0.005 -0.005 -0.005 -0.005 -0.005 -0.005 -0.005 -0.005 -0.005 -0.005 
