W^{+} #rightarrow #mu^{+}
-2.4 -2.0 -1.5 -1 -0.5 0 0.5 1 1.5 2.0 2.4
900 1391 1488 1576 1420 1415 1575 1280 931 381
35 46 50 52 53 50 50 43 36 21
1179.62 1533.67 1539.83 1537.05 1544.58 1545.85 1502.99 1361.35 1061.82 542.41
29 40 39 40 39 38 39 35 31 20
0.6184 0.8293 0.8882 0.9382 0.9258 0.9279 0.9375 0.8802 0.8505 0.6274
0.0080 0.0060 0.0055 0.0049 0.0053 0.0053 0.0051 0.0061 0.0074 0.0124
1.053 0.934 0.995 1.000 0.924 0.967 1.013 1.008 1.054 1.085
0.074 0.044 0.029 0.023 0.031 0.027 0.020 0.032 0.036 0.071
1.000 1.000 1.000 1.000 1.000 1.000 1.000 1.000 1.000 1.000
0.003 0.013 0.002 0.004 0.006 0.0061 0.007 0.005 0.007 0.001
1.000 1.000 1.000 1.000 1.000 1.000 1.000 1.000 1.000 1.000
0.0056 0.0030 0.0072 0.0046 0.0051 0.0053 0.0056 0.0088 0.0043 0.0059
0.962 0.962 0.962 0.962 0.962 0.962 0.962 0.962 0.962 0.962 
-0.005 -0.005 -0.005 -0.005 -0.005 -0.005 -0.005 -0.005 -0.005 -0.005 
