W^{-} #rightarrow #mu^{-}
-2.4 -2.0 -1.5 -1 -0.5 0 0.5 1 1.5 2.0 2.4
525 861 959 1027 1101 1087 1158 1150 979 612
23 29 32 32 34 35 35 34 32 25
687.791 951.154 1043.1 1122 1184.15 1224.86 1238.63 1222.08 1165.39 840.19
24 32 33 33 34 34 35 34 32 25
0.6003 0.8024 0.8379 0.8833 0.8754 0.8786 0.8906 0.8273 0.7979 0.5920
0.0111 0.0077 0.0070 0.0060 0.0060 0.0059 0.0056 0.0069 0.0074 0.0105
1.124 1.001 0.989 0.902 0.887 0.910 0.979 0.935 0.907 1.034
0.065 0.033 0.023 0.024 0.022 0.020 0.018 0.026 0.036 0.069
1.000 1.000 1.000 1.000 1.000 1.000 1.000 1.000 1.000 1.000
0.007 0.020 0.015 0.003 0.004 0.007 0.004 0.006 0.005 0.007
1.000 1.000 1.000 1.000 1.000 1.000 1.000 1.000 1.000 1.000
0.0056 0.0030 0.0072 0.0046 0.0051 0.0053 0.0056 0.0088 0.0043 0.0059
0.962 0.962 0.962 0.962 0.962 0.962 0.962 0.962 0.962 0.962 
-0.005 -0.005 -0.005 -0.005 -0.005 -0.005 -0.005 -0.005 -0.005 -0.005 
