W^{-} #rightarrow #mu^{-}
-2.4 -2.0 -1.6 -1.4 -1 -0.5 0 0.5 1 1.4 1.6 2.0 2.4
552 707 0 774 1025 1098 1081 1155 910 0 782 615
24 27 0 29 33 34 34 35 30 0 1 25
687.791 951.154 1043.1 1122 1184.15 1224.86 1238.63 1222.08 1165.39 840.19 0 0
24 32 33 33 34 34 35 34 32 25 0 0
0.5958 0.7734 1 0.8449 0.8799 0.8735 0.8767 0.8872 0.8112 1 0.7904 0.5893
0.0110 0.0077 0 0.0070 0.0061 0.0061 0.0060 0.0056 0.0069 0 0.0075 0.0106
1.040 1.024 1 0.984 0.886 0.924 0.922 0.959 0.934 1 0.872 1.042
0.074 0.039 0 0.029 0.031 0.029 0.025 0.025 0.031 0 0.042 0.074
1.000 1.000 1 1.000 1.000 1.000 1.000 1.000 1.000 1 1.000 1.000
0.007 0.020 0 0.015 0.003 0.004 0.007 0.004 0.006 0 0.005 0.007
1.000 1.000 1 1.000 1.000 1.000 1.000 1.000 1.000 1 1.000 1.000
0.0056 0.0030 0 0.0072 0.0046 0.0051 0.0053 0.0056 0.0088 0 0.0043 0.0059
0.962 0.962 0.962 0.962 0.962 0.962 0.962 0.962 0.962 0.962 0.962 0.962
-0.005 -0.005 -0.005 -0.005 -0.005 -0.005 -0.005 -0.005 -0.005 -0.005 -0.005 -0.005
