W^{-} #rightarrow #mu^{-}
-2.4 -2.0 -1.5 -1 -0.5 0 0.5 1 1.5 2.0 2.4
552 856 956 1025 1098 1081 1155 1145 980 615
24 32 33 33 34 34 35 34 32 25
687.791 951.154 1043.1 1122 1184.15 1224.86 1238.63 1222.08 1165.39 840.19
24 32 33 33 34 34 35 34 32 25
0.5958 0.7983 0.8356 0.8799 0.8735 0.8767 0.8872 0.8252 0.7938 0.5893
0.0110 0.0077 0.0070 0.0061 0.0061 0.0060 0.0056 0.0069 0.0075 0.0106
1.153 1.033 1.011 0.951 1.002 0.957 0.992 0.976 0.974 1.065
0.060 0.025 0.015 0.019 0.008 0.012 0.011 0.019 0.029 0.066
0.975 0.967 0.974 0.964 0.897 0.950 0.983 0.966 0.937 0.968
-0.023 -0.021 -0.015 -0.015 -0.019 -0.017 -0.014 -0.046 -0.023 -0.024
1.000 1.000 1.000 0.984 0.988 1.000 1.000 0.994 0.994 1.000
-0.001 -0.001 -0.001 -0.022 -0.009 -0.001 -0.001 -0.012 -0.024 -0.001
1.000 1.000 1.000 1.000 1.000 1.000 1.000 1.000 1.000 1.000
0.007 0.020 0.015 0.003 0.004 0.007 0.004 0.006 0.005 0.007
1.000 1.000 1.000 1.000 1.000 1.000 1.000 1.000 1.000 1.000
0.0056 0.0030 0.0072 0.0046 0.0051 0.0053 0.0056 0.0088 0.0043 0.0059
0.962 0.962 0.962 0.962 0.962 0.962 0.962 0.962 0.962 0.962 
-0.005 -0.005 -0.005 -0.005 -0.005 -0.005 -0.005 -0.005 -0.005 -0.005 
