W^{+} #rightarrow #mu^{+}
-2.4 -2.0 -1.6 -1.4 -1 -0.5 0 0.5 1 1.4 1.6 2.0 2.4
841 1018 0 1096 1450 1404 1327 1453 908 0 679 376
29 32 0 34 40 39 38 39 31 0 27 20
1179.62 1533.67 1539.83 1537.05 1544.58 1545.85 1502.99 1361.35 1061.82 0 0 0
29 40 39 40 39 38 39 35 31 20 0 0 
0.5872 0.7551 1 0.8467 0.8896 0.8726 0.8733 0.8830 0.8286 0 0.8026 0.5999
0.0080 0 0 0 0.0049 0.0053 0.0053 0.0051 0 0 0 0.0124
0.991 0.920 1 0.977 0.974 0.852 0.932 1.014 0.961 1 1.052 1.075
0.074 0.044 0 0.029 0.023 0.031 0.027 0.020 0.032 0 0.036 0.071
1.000 1.000 1.000 1.000 1.000 1.000 1.000 1.000 1.000 1.000 1.000 1.000
0.003 0.013 0 0.002 0.004 0.006 0.0061 0.007 0.005 0 0.007 0.001
1.000 1.000 1 1.000 1.000 1.000 1.000 1.000 1.000 1 1.000 1.000
0.0056 0.0030 0 0.0072 0.0046 0.0051 0.0053 0.0056 0.0088 0 0.0043 0.0059
0.962 0.962 0.962 0.962 0.962 0.962 0.962 0.962 0.962 0.962 0.962 0.962
-0.005 -0.005 -0.005 -0.005 -0.005 -0.005 -0.005 -0.005 -0.005 -0.005 -0.005 -0.005
