W^{+} #rightarrow #mu^{+}
-2.4 -2.0 -1.5 -1 -0.5 0 0.5 1 1.5 2.0 2.4
841 1289 1388 1450 1404 1327 1453 1159 890 376
29 38 39 40 39 38 39 35 31 20
1179.62 1533.67 1539.83 1537.05 1544.58 1545.85 1502.99 1361.35 1061.82 542.41
29 40 39 40 39 38 39 35 31 20
0.5872 0.7861 0.8394 0.8896 0.8726 0.8733 0.8830 0.8344 0.8011 0.5999
0.0080 0.0060 0.0055 0.0049 0.0053 0.0053 0.0051 0.0061 0.0074 0.0124
1.043 0.972 0.994 1.005 0.978 0.991 1.002 1.001 1.046 1.118
0.066 0.032 0.017 0.008 0.014 0.011 0.009 0.016 0.018 0.060
0.975 0.967 0.974 0.964 0.897 0.950 0.983 0.966 0.937 0.968
-0.023 -0.021 -0.015 -0.015 -0.019 -0.017 -0.014 -0.046 -0.023 -0.024
1.000 1.000 1.000 0.984 0.988 1.000 1.000 0.994 0.994 1.000
-0.001 -0.001 -0.001 -0.022 -0.009 -0.001 -0.001 -0.012 -0.024 -0.001
1.000 1.000 1.000 1.000 1.000 1.000 1.000 1.000 1.000 1.000
0.003 0.013 0.002 0.004 0.006 0.0061 0.007 0.005 0.007 0.001
1.000 1.000 1.000 1.000 1.000 1.000 1.000 1.000 1.000 1.000
0.0056 0.0030 0.0072 0.0046 0.0051 0.0053 0.0056 0.0088 0.0043 0.0059
0.962 0.962 0.962 0.962 0.962 0.962 0.962 0.962 0.962 0.962 
-0.005 -0.005 -0.005 -0.005 -0.005 -0.005 -0.005 -0.005 -0.005 -0.005 
