-5 -2.25 196170 8507.68 9426.16 189670 8224.89 9033.06 3313.58 2860.03 7747.12 8425.73
-4 -1.75 316440 12208.8 13837.6 317100 12280.2 13694.3 3929.71 3753.05 13084.6 14478.2
-3 -1.25 396300 14106.3 16329.3 406550 14366.2 16560.9 5818.62 5483.74 16789 19088.4
-2 -0.75 435310 15984.9 17359.4 448850 16181 17542.2 6909.3 7776.03 18488.7 21493.4
-1 -0.25 453670 19124.8 18507.5 461650 18997.9 18343.5 7483.41 8260.41 19324.7 22621.2
1 0.25 466510 20717.3 20093.7 461270 21221.9 18957.9 8310.14 7011.45 19004.6 23341.4
2 0.75 480800 22846.7 20469.7 459020 21420.7 19195.9 11097.7 9446.67 20380.6 24211.6
3 1.25 497140 22471.7 20439.9 459850 19933.6 19142.2 15919.7 16453.5 20361.9 25665
4 1.75 508370 21089.1 21988.4 458010 18081.5 19469.9 22516.4 23189.7 21191.1 26773.6
5 2.25 493030 19210.2 22698.6 435450 16459.9 19706.6 26639.4 27510.6 21086.4 26424.9
