-6 -3.25 36250 1923 1923 33702 2020 2020 0 0 0 0
-5 -2.2 208800 8989.24 9914.49 202480 8707.25 9537.17 3471.07 2963.26 8285.77 9012.84
-4 -1.75 316440 12208.8 13837.6 317100 12280.2 13694.3 3929.71 3753.05 13084.6 14478.2
-3 -1.25 396300 14106.3 16329.3 406550 14366.2 16560.9 5818.62 5483.74 16789 19088.4
-2 -0.75 435310 15984.9 17359.4 448850 16181 17542.2 6909.3 7776.03 18488.7 21493.4
-1 -0.25 453670 19124.8 18507.5 461650 18997.9 18343.5 7483.41 8260.41 19324.7 22621.2
1 0.25 466510 20717.3 20093.7 461270 21221.9 18957.9 8310.14 7011.45 19004.6 23341.4
2 0.75 480800 22846.7 20469.7 459020 21420.7 19195.9 11097.7 9446.67 20380.6 24211.6
3 1.25 497140 22471.7 20439.9 459850 19933.6 19142.2 15919.7 16453.5 20361.9 25665
4 1.75 508370 21089.1 21988.4 458010 18081.5 19469.9 22516.4 23189.7 21191.1 26773.6
5 2.2 497870 19403.4 22878.2 440350 16687.1 19790.1 26501.9 27372.2 21272.1 26611.4
6 3.25 261442 11538 11538 226538 19519 19519 0 0 0 0
