-6 -3.25 189663 9615 9615 165769 14183 14183 0 0 0 0
-5 -2.2 308450 13238.5 15442.5 313640 13585 15963 4631.86 4768.08 13027.6 14744.4
-4 -1.75 337200 13972.8 15527.3 348030 14465.5 16324.7 4574.93 5259.42 14435.1 16579.9
-3 -1.25 352410 13953 15052.1 364960 14375.5 15413.6 5742.48 4873.48 15541.3 17224.2
-2 -0.75 359490 14408.2 14940.2 369900 14477.7 15077.4 6550.62 6389.68 15714.4 17868.1
-1 -0.25 360930 16347.5 16281.9 365790 16086.9 15990 6899.43 7064.12 15493.8 18236.2
1 0.25 357400 18052.4 17182.5 353630 17474.3 16465.9 6800.9 5722.81 15443 17918.5
2 0.75 348030 17355.5 17260.8 335070 16428 15796.7 7160.56 5912.39 14918.8 17507.8
3 1.25 332060 14568.8 16591.3 311510 13749.4 13904.3 8981.22 8871.27 13885.2 16794.7
4 1.75 309950 12766.3 13373.4 284050 11392 11912.5 11602.6 11726.7 12955.8 15707.6
5 2.2 285210 12286 12578.2 256750 10763.9 11023.6 13111 13631.6 11950 14858.1
6 3.25 136250 6635 6635 130817 6827 6827 0 0 0 0
